 200
    1.0000000000000000E+00  -9.4499999999999576E-04
    9.9975079456308691E-01  -9.7122046485449080E-04
    9.9900342666574671E-01  -1.0498072294972374E-03
    9.9775864130055303E-01  -1.1805369288573927E-03
    9.9601767929662888E-01  -1.3630390282311354E-03
    9.9378227608276193E-01  -1.5967984041057850E-03
    9.9105465995749020E-01  -1.8811588982668467E-03
    9.8783754986788685E-01  -2.2153277874088950E-03
    9.8413415269925364E-01  -2.5983810957502422E-03
    9.7994816007842844E-01  -3.0292696647270054E-03
    9.7528374469389134E-01  -3.5068258819585672E-03
    9.7014555613633779E-01  -4.0297709615473515E-03
    9.6453871626386523E-01  -4.5967226595872721E-03
    9.5846881409639439E-01  -5.2062033026587691E-03
    9.5194190024441183E-01  -5.8566480031991769E-03
    9.4496448087759011E-01  -6.5464129340317432E-03
    9.3754351123929680E-01  -7.2737835350534484E-03
    9.2968638871345599E-01  -8.0369825281164202E-03
    9.2140094545067530E-01  -8.8341776214457841E-03
    9.1269544056098817E-01  -9.6634887924360938E-03
    9.0357855188099268E-01  -1.0522995047234304E-02
    8.9405936732359614E-01  -1.1410740566990396E-02
    8.8414737581898528E-01  -1.2324740163844477E-02
    8.7385245785585453E-01  -1.3262983984394254E-02
    8.6318487563231971E-01  -1.4223441414298633E-02
    8.5215526282633602E-01  -1.5204064154544837E-02
    8.4077461399581677E-01  -1.6202788457442982E-02
    8.2905427361901873E-01  -1.7217536528306487E-02
    8.1700592478611933E-01  -1.8246217116709696E-02
    8.0464157755325838E-01  -1.9286725338866779E-02
    7.9197355697065319E-01  -2.0336941789729484E-02
    7.7901449079672003E-01  -2.1394731019543249E-02
    7.6577729691045060E-01  -2.2457939464535292E-02
    7.5227517043458869E-01  -2.3524392934852405E-02
    7.3852157058244483E-01  -2.4591893774562820E-02
    7.2453020724146011E-01  -2.5658217818256484E-02
    7.1031502730689200E-01  -2.6721111276319934E-02
    6.9589020077924646E-01  -2.7778287686163996E-02
    6.8127010663931220E-01  -2.8827425069416605E-02
    6.6646931851488056E-01  -2.9866163435273776E-02
    6.5150259015343637E-01  -3.0892102767786978E-02
    6.3638484071530155E-01  -3.1902801629852255E-02
    6.2113113990189162E-01  -3.2895776509100819E-02
    6.0575669293390944E-01  -3.3868502020858164E-02
    5.9027682539445114E-01  -3.4818412070969300E-02
    5.7470696795213039E-01  -3.5742902066750383E-02
    5.5906264097945402E-01  -3.6639332247830662E-02
    5.4335943908177542E-01  -3.7505032190437160E-02
    5.2761301555225404E-01  -3.8337306519021182E-02
    5.1183906676831203E-01  -3.9133441838336162E-02
    4.9605331654514340E-01  -3.9890714877471964E-02
    4.8027150046187361E-01  -4.0606401815278512E-02
    4.6450935017599204E-01  -4.1277788734423795E-02
    4.4878257774169328E-01  -4.1902183129392624E-02
    4.3310685994776044E-01  -4.2476926372403495E-02
    4.1749782269060037E-01  -4.2999407020863897E-02
    4.0197102539801094E-01  -4.3467074830941803E-02
    3.8654194551920495E-01  -4.3877455324440207E-02
    3.7122596309655170E-01  -4.4228164740727736E-02
    3.5603834543441676E-01  -4.4516925192286519E-02
    3.4099423188038092E-01  -4.4741579831740548E-02
    3.2610861873400876E-01  -4.4900107830236638E-02
    3.1139634429821200E-01  -4.4990638961944926E-02
    2.9687207408810551E-01  -4.5011467587356510E-02
    2.8255028621210343E-01  -4.4961065829071729E-02
    2.6844525693982613E-01  -4.4838095737934132E-02
    2.5457104647120316E-01  -4.4641420254663312E-02
    2.4094148492096124E-01  -4.4370112782520531E-02
    2.2757015853246476E-01  -4.4023465199897596E-02
    2.1447039613465257E-01  -4.3600994157902181E-02
    2.0165525585557198E-01  -4.3102445526825045E-02
    1.8913751210575236E-01  -4.2527796876576984E-02
    1.7692964284439511E-01  -4.1877257899498761E-02
    1.6504381714107241E-01  -4.1151268709062584E-02
    1.5349188304533412E-01  -4.0350495974554944E-02
    1.4228535577631435E-01  -3.9475826879489237E-02
    1.3143540624411054E-01  -3.8528360919851852E-02
    1.2095284991437727E-01  -3.7509399586935097E-02
    1.1084813602723503E-01  -3.6420434008040223E-02
    1.0113133718124034E-01  -3.5263130646330687E-02
    9.1812139292800465E-02  -3.4039315188168127E-02
    8.2899831941041224E-02  -3.2750954771971728E-02
    7.4403299107752674E-02  -3.1400138736620925E-02
    6.6331010321642681E-02  -2.9989058089310492E-02
    5.8691012215726535E-02  -2.8519983912231983E-02
    5.1490920506268245E-02  -2.6995244944194863E-02
    4.4737912401268898E-02  -2.5417204587051302E-02
    3.8438719446069636E-02  -2.3788237597329245E-02
    3.2599620813200836E-02  -2.2110706730632340E-02
    2.7226437043166463E-02  -2.0386939610004619E-02
    2.2324524242402610E-02  -1.8619206089504972E-02
    1.7898768744194160E-02  -1.6809696380664964E-02
    1.3953582237871520E-02  -1.4960500202339903E-02
    1.0492897371142729E-02  -1.3073587203784855E-02
    7.5201638299447482E-03  -1.1150788896724712E-02
    5.0383448997214364E-03  -9.1937823149180285E-03
    3.0499145115561177E-03  -7.2040755994643825E-03
    1.5568547761034002E-03  -5.1829956851432834E-03
    5.6065400777821628E-04  -3.1316782377073657E-03
    6.2305241171345394E-05  -1.0510599646276415E-03
    6.2305241171345394E-05   1.0510599646276415E-03
    5.6065400777821628E-04   3.1316782377073657E-03
    1.5568547761034002E-03   5.1829956851432834E-03
    3.0499145115561177E-03   7.2040755994643825E-03
    5.0383448997214364E-03   9.1937823149180285E-03
    7.5201638299447482E-03   1.1150788896724712E-02
    1.0492897371142729E-02   1.3073587203784855E-02
    1.3953582237871520E-02   1.4960500202339903E-02
    1.7898768744194160E-02   1.6809696380664964E-02
    2.2324524242402610E-02   1.8619206089504972E-02
    2.7226437043166463E-02   2.0386939610004619E-02
    3.2599620813200836E-02   2.2110706730632340E-02
    3.8438719446069636E-02   2.3788237597329245E-02
    4.4737912401268898E-02   2.5417204587051302E-02
    5.1490920506268245E-02   2.6995244944194863E-02
    5.8691012215726535E-02   2.8519983912231983E-02
    6.6331010321642681E-02   2.9989058089310492E-02
    7.4403299107752674E-02   3.1400138736620925E-02
    8.2899831941041224E-02   3.2750954771971728E-02
    9.1812139292800465E-02   3.4039315188168127E-02
    1.0113133718124034E-01   3.5263130646330687E-02
    1.1084813602723503E-01   3.6420434008040223E-02
    1.2095284991437727E-01   3.7509399586935097E-02
    1.3143540624411054E-01   3.8528360919851852E-02
    1.4228535577631435E-01   3.9475826879489237E-02
    1.5349188304533412E-01   4.0350495974554944E-02
    1.6504381714107241E-01   4.1151268709062584E-02
    1.7692964284439511E-01   4.1877257899498761E-02
    1.8913751210575236E-01   4.2527796876576984E-02
    2.0165525585557198E-01   4.3102445526825045E-02
    2.1447039613465257E-01   4.3600994157902181E-02
    2.2757015853246476E-01   4.4023465199897596E-02
    2.4094148492096124E-01   4.4370112782520531E-02
    2.5457104647120316E-01   4.4641420254663312E-02
    2.6844525693982613E-01   4.4838095737934132E-02
    2.8255028621210343E-01   4.4961065829071729E-02
    2.9687207408810551E-01   4.5011467587356510E-02
    3.1139634429821200E-01   4.4990638961944926E-02
    3.2610861873400876E-01   4.4900107830236638E-02
    3.4099423188038092E-01   4.4741579831740548E-02
    3.5603834543441676E-01   4.4516925192286519E-02
    3.7122596309655170E-01   4.4228164740727736E-02
    3.8654194551920495E-01   4.3877455324440207E-02
    4.0197102539801094E-01   4.3467074830941803E-02
    4.1749782269060037E-01   4.2999407020863897E-02
    4.3310685994776044E-01   4.2476926372403495E-02
    4.4878257774169328E-01   4.1902183129392624E-02
    4.6450935017599204E-01   4.1277788734423795E-02
    4.8027150046187361E-01   4.0606401815278512E-02
    4.9605331654514340E-01   3.9890714877471964E-02
    5.1183906676831203E-01   3.9133441838336162E-02
    5.2761301555225404E-01   3.8337306519021182E-02
    5.4335943908177542E-01   3.7505032190437160E-02
    5.5906264097945402E-01   3.6639332247830662E-02
    5.7470696795213039E-01   3.5742902066750383E-02
    5.9027682539445114E-01   3.4818412070969300E-02
    6.0575669293390944E-01   3.3868502020858164E-02
    6.2113113990189162E-01   3.2895776509100819E-02
    6.3638484071530155E-01   3.1902801629852255E-02
    6.5150259015343637E-01   3.0892102767786978E-02
    6.6646931851488056E-01   2.9866163435273776E-02
    6.8127010663931220E-01   2.8827425069416605E-02
    6.9589020077924646E-01   2.7778287686163996E-02
    7.1031502730689200E-01   2.6721111276319934E-02
    7.2453020724146011E-01   2.5658217818256484E-02
    7.3852157058244483E-01   2.4591893774562820E-02
    7.5227517043458869E-01   2.3524392934852405E-02
    7.6577729691045060E-01   2.2457939464535292E-02
    7.7901449079672003E-01   2.1394731019543249E-02
    7.9197355697065319E-01   2.0336941789729484E-02
    8.0464157755325838E-01   1.9286725338866779E-02
    8.1700592478611933E-01   1.8246217116709696E-02
    8.2905427361901873E-01   1.7217536528306487E-02
    8.4077461399581677E-01   1.6202788457442982E-02
    8.5215526282633602E-01   1.5204064154544837E-02
    8.6318487563231971E-01   1.4223441414298633E-02
    8.7385245785585453E-01   1.3262983984394254E-02
    8.8414737581898528E-01   1.2324740163844477E-02
    8.9405936732359614E-01   1.1410740566990396E-02
    9.0357855188099268E-01   1.0522995047234304E-02
    9.1269544056098817E-01   9.6634887924360938E-03
    9.2140094545067530E-01   8.8341776214457841E-03
    9.2968638871345599E-01   8.0369825281164202E-03
    9.3754351123929680E-01   7.2737835350534484E-03
    9.4496448087759011E-01   6.5464129340317432E-03
    9.5194190024441183E-01   5.8566480031991769E-03
    9.5846881409639439E-01   5.2062033026587691E-03
    9.6453871626386523E-01   4.5967226595872721E-03
    9.7014555613633779E-01   4.0297709615473515E-03
    9.7528374469389134E-01   3.5068258819585672E-03
    9.7994816007842844E-01   3.0292696647270054E-03
    9.8413415269925364E-01   2.5983810957502422E-03
    9.8783754986788685E-01   2.2153277874088950E-03
    9.9105465995749020E-01   1.8811588982668467E-03
    9.9378227608276193E-01   1.5967984041057850E-03
    9.9601767929662888E-01   1.3630390282311354E-03
    9.9775864130055303E-01   1.1805369288573927E-03
    9.9900342666574671E-01   1.0498072294972374E-03
    9.9975079456308691E-01   9.7122046485449080E-04
    1.0000000000000000E+00   9.4499999999999576E-04
